{
 "cells": [
  {
   "cell_type": "code",
   "execution_count": 12,
   "metadata": {},
   "outputs": [],
   "source": [
    "import numpy as np\n",
    "import pandas as pd\n",
    "import matplotlib.pyplot as plt\n",
    "from sklearn.model_selection import train_test_split\n",
    "from sklearn.linear_model import LinearRegression\n",
    "from sklearn.metrics import r2_score, root_mean_squared_error, mean_squared_error"
   ]
  },
  {
   "cell_type": "code",
   "execution_count": 13,
   "metadata": {},
   "outputs": [
    {
     "name": "stdout",
     "output_type": "stream",
     "text": [
      "   age     sex     bmi  children smoker     region      charges\n",
      "0   19  female  27.900         0    yes  southwest  16884.92400\n",
      "1   18    male  33.770         1     no  southeast   1725.55230\n",
      "2   28    male  33.000         3     no  southeast   4449.46200\n",
      "3   33    male  22.705         0     no  northwest  21984.47061\n",
      "4   32    male  28.880         0     no  northwest   3866.85520\n"
     ]
    }
   ],
   "source": [
    "df = pd.read_csv('../data-sets/insurance.csv')\n",
    "print(df.head())"
   ]
  },
  {
   "cell_type": "code",
   "execution_count": 15,
   "metadata": {},
   "outputs": [
    {
     "data": {
      "text/html": [
       "<div>\n",
       "<style scoped>\n",
       "    .dataframe tbody tr th:only-of-type {\n",
       "        vertical-align: middle;\n",
       "    }\n",
       "\n",
       "    .dataframe tbody tr th {\n",
       "        vertical-align: top;\n",
       "    }\n",
       "\n",
       "    .dataframe thead th {\n",
       "        text-align: right;\n",
       "    }\n",
       "</style>\n",
       "<table border=\"1\" class=\"dataframe\">\n",
       "  <thead>\n",
       "    <tr style=\"text-align: right;\">\n",
       "      <th></th>\n",
       "      <th>age</th>\n",
       "      <th>sex</th>\n",
       "      <th>bmi</th>\n",
       "      <th>children</th>\n",
       "      <th>smoker</th>\n",
       "      <th>region</th>\n",
       "      <th>charges</th>\n",
       "    </tr>\n",
       "  </thead>\n",
       "  <tbody>\n",
       "    <tr>\n",
       "      <th>0</th>\n",
       "      <td>19</td>\n",
       "      <td>0</td>\n",
       "      <td>27.900</td>\n",
       "      <td>0</td>\n",
       "      <td>0</td>\n",
       "      <td>0</td>\n",
       "      <td>16884.92400</td>\n",
       "    </tr>\n",
       "    <tr>\n",
       "      <th>1</th>\n",
       "      <td>18</td>\n",
       "      <td>1</td>\n",
       "      <td>33.770</td>\n",
       "      <td>1</td>\n",
       "      <td>1</td>\n",
       "      <td>1</td>\n",
       "      <td>1725.55230</td>\n",
       "    </tr>\n",
       "    <tr>\n",
       "      <th>2</th>\n",
       "      <td>28</td>\n",
       "      <td>1</td>\n",
       "      <td>33.000</td>\n",
       "      <td>3</td>\n",
       "      <td>1</td>\n",
       "      <td>1</td>\n",
       "      <td>4449.46200</td>\n",
       "    </tr>\n",
       "    <tr>\n",
       "      <th>3</th>\n",
       "      <td>33</td>\n",
       "      <td>1</td>\n",
       "      <td>22.705</td>\n",
       "      <td>0</td>\n",
       "      <td>1</td>\n",
       "      <td>2</td>\n",
       "      <td>21984.47061</td>\n",
       "    </tr>\n",
       "    <tr>\n",
       "      <th>4</th>\n",
       "      <td>32</td>\n",
       "      <td>1</td>\n",
       "      <td>28.880</td>\n",
       "      <td>0</td>\n",
       "      <td>1</td>\n",
       "      <td>2</td>\n",
       "      <td>3866.85520</td>\n",
       "    </tr>\n",
       "  </tbody>\n",
       "</table>\n",
       "</div>"
      ],
      "text/plain": [
       "   age  sex     bmi  children  smoker  region      charges\n",
       "0   19    0  27.900         0       0       0  16884.92400\n",
       "1   18    1  33.770         1       1       1   1725.55230\n",
       "2   28    1  33.000         3       1       1   4449.46200\n",
       "3   33    1  22.705         0       1       2  21984.47061\n",
       "4   32    1  28.880         0       1       2   3866.85520"
      ]
     },
     "execution_count": 15,
     "metadata": {},
     "output_type": "execute_result"
    }
   ],
   "source": [
    "def map_to_replace(columns):\n",
    "    for col in columns:\n",
    "        if df[col].dtype == 'object':\n",
    "            uniqValue = {}\n",
    "            i = 0\n",
    "            for unique_val in df[col].unique():\n",
    "                uniqValue[str(unique_val)] = i\n",
    "                i += 1\n",
    "            df[col] = df[col].map(uniqValue)\n",
    "            uniqValue = {}\n",
    "            i = 0\n",
    "            \n",
    "map_to_replace(np.array(['sex', 'smoker', 'region']))\n",
    "df.head()"
   ]
  },
  {
   "cell_type": "code",
   "execution_count": 16,
   "metadata": {},
   "outputs": [
    {
     "data": {
      "text/html": [
       "<div>\n",
       "<style scoped>\n",
       "    .dataframe tbody tr th:only-of-type {\n",
       "        vertical-align: middle;\n",
       "    }\n",
       "\n",
       "    .dataframe tbody tr th {\n",
       "        vertical-align: top;\n",
       "    }\n",
       "\n",
       "    .dataframe thead th {\n",
       "        text-align: right;\n",
       "    }\n",
       "</style>\n",
       "<table border=\"1\" class=\"dataframe\">\n",
       "  <thead>\n",
       "    <tr style=\"text-align: right;\">\n",
       "      <th></th>\n",
       "      <th>age</th>\n",
       "      <th>sex</th>\n",
       "      <th>bmi</th>\n",
       "      <th>children</th>\n",
       "      <th>smoker</th>\n",
       "      <th>region</th>\n",
       "      <th>charges</th>\n",
       "    </tr>\n",
       "  </thead>\n",
       "  <tbody>\n",
       "    <tr>\n",
       "      <th>age</th>\n",
       "      <td>1.000000</td>\n",
       "      <td>-0.020856</td>\n",
       "      <td>0.109272</td>\n",
       "      <td>0.042469</td>\n",
       "      <td>0.025019</td>\n",
       "      <td>-0.002127</td>\n",
       "      <td>0.299008</td>\n",
       "    </tr>\n",
       "    <tr>\n",
       "      <th>sex</th>\n",
       "      <td>-0.020856</td>\n",
       "      <td>1.000000</td>\n",
       "      <td>0.046371</td>\n",
       "      <td>0.017163</td>\n",
       "      <td>-0.076185</td>\n",
       "      <td>-0.004588</td>\n",
       "      <td>0.057292</td>\n",
       "    </tr>\n",
       "    <tr>\n",
       "      <th>bmi</th>\n",
       "      <td>0.109272</td>\n",
       "      <td>0.046371</td>\n",
       "      <td>1.000000</td>\n",
       "      <td>0.012759</td>\n",
       "      <td>-0.003750</td>\n",
       "      <td>-0.157566</td>\n",
       "      <td>0.198341</td>\n",
       "    </tr>\n",
       "    <tr>\n",
       "      <th>children</th>\n",
       "      <td>0.042469</td>\n",
       "      <td>0.017163</td>\n",
       "      <td>0.012759</td>\n",
       "      <td>1.000000</td>\n",
       "      <td>-0.007673</td>\n",
       "      <td>-0.016569</td>\n",
       "      <td>0.067998</td>\n",
       "    </tr>\n",
       "    <tr>\n",
       "      <th>smoker</th>\n",
       "      <td>0.025019</td>\n",
       "      <td>-0.076185</td>\n",
       "      <td>-0.003750</td>\n",
       "      <td>-0.007673</td>\n",
       "      <td>1.000000</td>\n",
       "      <td>-0.002181</td>\n",
       "      <td>-0.787251</td>\n",
       "    </tr>\n",
       "    <tr>\n",
       "      <th>region</th>\n",
       "      <td>-0.002127</td>\n",
       "      <td>-0.004588</td>\n",
       "      <td>-0.157566</td>\n",
       "      <td>-0.016569</td>\n",
       "      <td>-0.002181</td>\n",
       "      <td>1.000000</td>\n",
       "      <td>0.006208</td>\n",
       "    </tr>\n",
       "    <tr>\n",
       "      <th>charges</th>\n",
       "      <td>0.299008</td>\n",
       "      <td>0.057292</td>\n",
       "      <td>0.198341</td>\n",
       "      <td>0.067998</td>\n",
       "      <td>-0.787251</td>\n",
       "      <td>0.006208</td>\n",
       "      <td>1.000000</td>\n",
       "    </tr>\n",
       "  </tbody>\n",
       "</table>\n",
       "</div>"
      ],
      "text/plain": [
       "               age       sex       bmi  children    smoker    region   charges\n",
       "age       1.000000 -0.020856  0.109272  0.042469  0.025019 -0.002127  0.299008\n",
       "sex      -0.020856  1.000000  0.046371  0.017163 -0.076185 -0.004588  0.057292\n",
       "bmi       0.109272  0.046371  1.000000  0.012759 -0.003750 -0.157566  0.198341\n",
       "children  0.042469  0.017163  0.012759  1.000000 -0.007673 -0.016569  0.067998\n",
       "smoker    0.025019 -0.076185 -0.003750 -0.007673  1.000000 -0.002181 -0.787251\n",
       "region   -0.002127 -0.004588 -0.157566 -0.016569 -0.002181  1.000000  0.006208\n",
       "charges   0.299008  0.057292  0.198341  0.067998 -0.787251  0.006208  1.000000"
      ]
     },
     "execution_count": 16,
     "metadata": {},
     "output_type": "execute_result"
    }
   ],
   "source": [
    "df.corr()"
   ]
  },
  {
   "cell_type": "code",
   "execution_count": 18,
   "metadata": {},
   "outputs": [
    {
     "data": {
      "text/html": [
       "<div>\n",
       "<style scoped>\n",
       "    .dataframe tbody tr th:only-of-type {\n",
       "        vertical-align: middle;\n",
       "    }\n",
       "\n",
       "    .dataframe tbody tr th {\n",
       "        vertical-align: top;\n",
       "    }\n",
       "\n",
       "    .dataframe thead th {\n",
       "        text-align: right;\n",
       "    }\n",
       "</style>\n",
       "<table border=\"1\" class=\"dataframe\">\n",
       "  <thead>\n",
       "    <tr style=\"text-align: right;\">\n",
       "      <th></th>\n",
       "      <th>age</th>\n",
       "      <th>bmi</th>\n",
       "      <th>smoker</th>\n",
       "      <th>charges</th>\n",
       "    </tr>\n",
       "  </thead>\n",
       "  <tbody>\n",
       "    <tr>\n",
       "      <th>age</th>\n",
       "      <td>1.000000</td>\n",
       "      <td>0.109272</td>\n",
       "      <td>0.025019</td>\n",
       "      <td>0.299008</td>\n",
       "    </tr>\n",
       "    <tr>\n",
       "      <th>bmi</th>\n",
       "      <td>0.109272</td>\n",
       "      <td>1.000000</td>\n",
       "      <td>-0.003750</td>\n",
       "      <td>0.198341</td>\n",
       "    </tr>\n",
       "    <tr>\n",
       "      <th>smoker</th>\n",
       "      <td>0.025019</td>\n",
       "      <td>-0.003750</td>\n",
       "      <td>1.000000</td>\n",
       "      <td>-0.787251</td>\n",
       "    </tr>\n",
       "    <tr>\n",
       "      <th>charges</th>\n",
       "      <td>0.299008</td>\n",
       "      <td>0.198341</td>\n",
       "      <td>-0.787251</td>\n",
       "      <td>1.000000</td>\n",
       "    </tr>\n",
       "  </tbody>\n",
       "</table>\n",
       "</div>"
      ],
      "text/plain": [
       "              age       bmi    smoker   charges\n",
       "age      1.000000  0.109272  0.025019  0.299008\n",
       "bmi      0.109272  1.000000 -0.003750  0.198341\n",
       "smoker   0.025019 -0.003750  1.000000 -0.787251\n",
       "charges  0.299008  0.198341 -0.787251  1.000000"
      ]
     },
     "execution_count": 18,
     "metadata": {},
     "output_type": "execute_result"
    }
   ],
   "source": [
    "df.drop(labels=['sex', 'children', 'region'], axis=1, inplace=True)\n",
    "df.corr()"
   ]
  },
  {
   "cell_type": "code",
   "execution_count": 20,
   "metadata": {},
   "outputs": [
    {
     "name": "stdout",
     "output_type": "stream",
     "text": [
      "(1338, 3) (1338,)\n"
     ]
    }
   ],
   "source": [
    "X = df.drop(labels='charges', axis=1)\n",
    "y = df['charges']\n",
    "print(X.shape, y.shape)"
   ]
  },
  {
   "cell_type": "code",
   "execution_count": 21,
   "metadata": {},
   "outputs": [],
   "source": [
    "x_train, x_test, y_train, y_test = train_test_split(X, y, test_size=0.2, random_state=42)"
   ]
  },
  {
   "cell_type": "code",
   "execution_count": 23,
   "metadata": {},
   "outputs": [
    {
     "name": "stdout",
     "output_type": "stream",
     "text": [
      "[   259.41020462    326.45023215 -23675.37184666] 11967.56951207214\n"
     ]
    }
   ],
   "source": [
    "model = LinearRegression()\n",
    "model.fit(x_train, y_train)\n",
    "print(model.coef_, model.intercept_)"
   ]
  },
  {
   "cell_type": "code",
   "execution_count": 29,
   "metadata": {},
   "outputs": [],
   "source": [
    "y_pred = model.predict(x_test)"
   ]
  },
  {
   "cell_type": "code",
   "execution_count": 30,
   "metadata": {},
   "outputs": [
    {
     "name": "stdout",
     "output_type": "stream",
     "text": [
      "0.7776932310583374 34512843.8802279 5874.763304187489\n"
     ]
    }
   ],
   "source": [
    "r2Score = r2_score(y_test, y_pred)\n",
    "MSE = mean_squared_error(y_test, y_pred)\n",
    "RMSE = root_mean_squared_error(y_test, y_pred)\n",
    "\n",
    "print(r2Score, MSE, RMSE)"
   ]
  }
 ],
 "metadata": {
  "kernelspec": {
   "display_name": "base",
   "language": "python",
   "name": "python3"
  },
  "language_info": {
   "codemirror_mode": {
    "name": "ipython",
    "version": 3
   },
   "file_extension": ".py",
   "mimetype": "text/x-python",
   "name": "python",
   "nbconvert_exporter": "python",
   "pygments_lexer": "ipython3",
   "version": "3.12.4"
  }
 },
 "nbformat": 4,
 "nbformat_minor": 2
}
