{
 "cells": [
  {
   "cell_type": "markdown",
   "metadata": {},
   "source": [
    "# Import Necessary modules"
   ]
  },
  {
   "cell_type": "code",
   "execution_count": 1,
   "metadata": {},
   "outputs": [],
   "source": [
    "import numpy as np\n",
    "import pandas as pd\n",
    "from sklearn.model_selection import train_test_split\n",
    "from sklearn.linear_model import LogisticRegression, LinearRegression\n",
    "from sklearn.metrics import accuracy_score, mean_squared_error, root_mean_squared_error, r2_score"
   ]
  },
  {
   "cell_type": "markdown",
   "metadata": {},
   "source": [
    "# Import Dataset file"
   ]
  },
  {
   "cell_type": "code",
   "execution_count": 2,
   "metadata": {},
   "outputs": [
    {
     "name": "stdout",
     "output_type": "stream",
     "text": [
      "   laptop_ID Company      Product   TypeName  Inches                    ScreenResolution                         Cpu   Ram               Memory                           Gpu  OpSys  Weight  Price_euros\n",
      "0          1   Apple  MacBook Pro  Ultrabook    13.3  IPS Panel Retina Display 2560x1600        Intel Core i5 2.3GHz   8GB            128GB SSD  Intel Iris Plus Graphics 640  macOS  1.37kg      1339.69\n",
      "1          2   Apple  Macbook Air  Ultrabook    13.3                            1440x900        Intel Core i5 1.8GHz   8GB  128GB Flash Storage        Intel HD Graphics 6000  macOS  1.34kg       898.94\n",
      "2          3      HP       250 G6   Notebook    15.6                   Full HD 1920x1080  Intel Core i5 7200U 2.5GHz   8GB            256GB SSD         Intel HD Graphics 620  No OS  1.86kg       575.00\n",
      "3          4   Apple  MacBook Pro  Ultrabook    15.4  IPS Panel Retina Display 2880x1800        Intel Core i7 2.7GHz  16GB            512GB SSD            AMD Radeon Pro 455  macOS  1.83kg      2537.45\n",
      "4          5   Apple  MacBook Pro  Ultrabook    13.3  IPS Panel Retina Display 2560x1600        Intel Core i5 3.1GHz   8GB            256GB SSD  Intel Iris Plus Graphics 650  macOS  1.37kg      1803.60\n"
     ]
    }
   ],
   "source": [
    "df = pd.read_csv('../data-sets/laptop_price.csv', encoding='ISO-8859-1')\n",
    "print(df.head().to_string())"
   ]
  },
  {
   "cell_type": "markdown",
   "metadata": {},
   "source": [
    "# Get the Info of Data"
   ]
  },
  {
   "cell_type": "code",
   "execution_count": 3,
   "metadata": {},
   "outputs": [
    {
     "name": "stdout",
     "output_type": "stream",
     "text": [
      "<class 'pandas.core.frame.DataFrame'>\n",
      "RangeIndex: 1303 entries, 0 to 1302\n",
      "Data columns (total 13 columns):\n",
      " #   Column            Non-Null Count  Dtype  \n",
      "---  ------            --------------  -----  \n",
      " 0   laptop_ID         1303 non-null   int64  \n",
      " 1   Company           1303 non-null   object \n",
      " 2   Product           1303 non-null   object \n",
      " 3   TypeName          1303 non-null   object \n",
      " 4   Inches            1303 non-null   float64\n",
      " 5   ScreenResolution  1303 non-null   object \n",
      " 6   Cpu               1303 non-null   object \n",
      " 7   Ram               1303 non-null   object \n",
      " 8   Memory            1303 non-null   object \n",
      " 9   Gpu               1303 non-null   object \n",
      " 10  OpSys             1303 non-null   object \n",
      " 11  Weight            1303 non-null   object \n",
      " 12  Price_euros       1303 non-null   float64\n",
      "dtypes: float64(2), int64(1), object(10)\n",
      "memory usage: 132.5+ KB\n"
     ]
    }
   ],
   "source": [
    "df.info()\n",
    "df.isnull().sum()  # Check for missing values\n",
    "df.dropna()\n",
    "df.drop(labels=['laptop_ID', 'Product', 'Inches', 'OpSys'], axis=1, inplace=True)"
   ]
  },
  {
   "cell_type": "markdown",
   "metadata": {},
   "source": [
    "# Change All Feature Data into Numerical Value using OneHotEncoder"
   ]
  },
  {
   "cell_type": "code",
   "execution_count": 4,
   "metadata": {},
   "outputs": [
    {
     "name": "stdout",
     "output_type": "stream",
     "text": [
      "   Company  TypeName                    ScreenResolution  Cpu  Ram  Memory  Gpu  Weight  Price_euros\n",
      "0        0         0  IPS Panel Retina Display 2560x1600    0    8       0    0    1.37      1339.69\n",
      "1        0         0                            1440x900    1    8       1    1    1.34       898.94\n",
      "2        1         1                   Full HD 1920x1080    2    8       2    2    1.86       575.00\n",
      "3        0         0  IPS Panel Retina Display 2880x1800    3   16       3    3    1.83      2537.45\n",
      "4        0         0  IPS Panel Retina Display 2560x1600    4    8       2    4    1.37      1803.60\n"
     ]
    }
   ],
   "source": [
    "# Initialize OneHotEncoder with the correct parameter\n",
    "# Select the columns to encode\n",
    "columns_to_encode = ['Company', 'TypeName', 'Cpu', 'Memory', 'Gpu', 'Ram', 'Weight']\n",
    "def map_to_replace(columns):\n",
    "    # Iterate through each column in the list\n",
    "    for column in columns:\n",
    "        if column == 'Ram':\n",
    "            df[column] = df[column].str.replace('GB', '')\n",
    "            df[column] = df[column].astype(int)\n",
    "        elif column == 'Weight':\n",
    "            df[column] = df[column].str.replace('kg', '')\n",
    "            df[column] = df[column].astype(float)\n",
    "        elif(df[column].dtype == 'object'):\n",
    "            unique_map = {} \n",
    "            count = 0\n",
    "            for i in df[column].unique():\n",
    "                unique_map[str(i)] = count \n",
    "                count += 1 \n",
    "            df[column] = df[column].map(unique_map)\n",
    "\n",
    "map_to_replace(columns_to_encode)\n",
    "print(df.head().to_string())"
   ]
  },
  {
   "cell_type": "code",
   "execution_count": 5,
   "metadata": {},
   "outputs": [
    {
     "name": "stdout",
     "output_type": "stream",
     "text": [
      "   Company  TypeName Cpu  Ram  Memory  Gpu  Weight  Price_euros  \\\n",
      "0        0         0   0    8       0    0    1.37      1339.69   \n",
      "1        0         0   1    8       1    1    1.34       898.94   \n",
      "2        1         1   2    8       2    2    1.86       575.00   \n",
      "3        0         0   3   16       3    3    1.83      2537.45   \n",
      "4        0         0   4    8       2    4    1.37      1803.60   \n",
      "\n",
      "   Resolution_Width Resolution_Height Cpu_Brand  Cpu_Speed  \n",
      "0                 0              1600         0        0.0  \n",
      "1                 1               900         1        1.0  \n",
      "2                 2              1080         2        2.0  \n",
      "3                 3              1800         3        3.0  \n",
      "4                 0              1600         4        4.0  \n"
     ]
    }
   ],
   "source": [
    "# Ensure that the 'ScreenResolution' column is of string type\n",
    "df['ScreenResolution'] = df['ScreenResolution'].astype(str)\n",
    "\n",
    "# Split the 'ScreenResolution' into width and height\n",
    "df[['Resolution_Width', 'Resolution_Height']] = df['ScreenResolution'].str.split('x', expand=True)\n",
    "\n",
    "# Ensure that the 'Cpu' column is of string type\n",
    "df['Cpu'] = df['Cpu'].astype(str)\n",
    "\n",
    "# Extract CPU brand (e.g., Intel, AMD)\n",
    "df['Cpu_Brand'] = df['Cpu'].apply(lambda x: x.split()[0])  \n",
    "\n",
    "# Extract CPU speed and remove 'GHz'\n",
    "df['Cpu_Speed'] = df['Cpu'].apply(lambda x: float(x.split()[-1].replace('GHz', '').strip()))\n",
    "df.drop(labels='ScreenResolution', axis=1, inplace=True)\n",
    "map_to_replace(np.array(['Resolution_Width']))\n",
    "# View the updated DataFrame\n",
    "print(df.head())\n"
   ]
  },
  {
   "cell_type": "code",
   "execution_count": 6,
   "metadata": {},
   "outputs": [
    {
     "data": {
      "text/html": [
       "<div>\n",
       "<style scoped>\n",
       "    .dataframe tbody tr th:only-of-type {\n",
       "        vertical-align: middle;\n",
       "    }\n",
       "\n",
       "    .dataframe tbody tr th {\n",
       "        vertical-align: top;\n",
       "    }\n",
       "\n",
       "    .dataframe thead th {\n",
       "        text-align: right;\n",
       "    }\n",
       "</style>\n",
       "<table border=\"1\" class=\"dataframe\">\n",
       "  <thead>\n",
       "    <tr style=\"text-align: right;\">\n",
       "      <th></th>\n",
       "      <th>Company</th>\n",
       "      <th>TypeName</th>\n",
       "      <th>Cpu</th>\n",
       "      <th>Ram</th>\n",
       "      <th>Memory</th>\n",
       "      <th>Gpu</th>\n",
       "      <th>Weight</th>\n",
       "      <th>Price_euros</th>\n",
       "      <th>Resolution_Width</th>\n",
       "      <th>Resolution_Height</th>\n",
       "      <th>Cpu_Brand</th>\n",
       "      <th>Cpu_Speed</th>\n",
       "    </tr>\n",
       "  </thead>\n",
       "  <tbody>\n",
       "    <tr>\n",
       "      <th>Company</th>\n",
       "      <td>1.000000</td>\n",
       "      <td>0.013774</td>\n",
       "      <td>0.057087</td>\n",
       "      <td>0.148862</td>\n",
       "      <td>0.042310</td>\n",
       "      <td>-0.010830</td>\n",
       "      <td>-0.059273</td>\n",
       "      <td>0.149303</td>\n",
       "      <td>0.100288</td>\n",
       "      <td>0.090232</td>\n",
       "      <td>0.057087</td>\n",
       "      <td>0.057087</td>\n",
       "    </tr>\n",
       "    <tr>\n",
       "      <th>TypeName</th>\n",
       "      <td>0.013774</td>\n",
       "      <td>1.000000</td>\n",
       "      <td>0.136131</td>\n",
       "      <td>0.275225</td>\n",
       "      <td>0.184912</td>\n",
       "      <td>0.245787</td>\n",
       "      <td>0.321989</td>\n",
       "      <td>0.292191</td>\n",
       "      <td>0.169834</td>\n",
       "      <td>0.121772</td>\n",
       "      <td>0.136131</td>\n",
       "      <td>0.136131</td>\n",
       "    </tr>\n",
       "    <tr>\n",
       "      <th>Cpu</th>\n",
       "      <td>0.057087</td>\n",
       "      <td>0.136131</td>\n",
       "      <td>1.000000</td>\n",
       "      <td>0.100436</td>\n",
       "      <td>0.153636</td>\n",
       "      <td>0.412741</td>\n",
       "      <td>0.088627</td>\n",
       "      <td>0.125323</td>\n",
       "      <td>0.121386</td>\n",
       "      <td>0.048002</td>\n",
       "      <td>1.000000</td>\n",
       "      <td>1.000000</td>\n",
       "    </tr>\n",
       "    <tr>\n",
       "      <th>Ram</th>\n",
       "      <td>0.148862</td>\n",
       "      <td>0.275225</td>\n",
       "      <td>0.100436</td>\n",
       "      <td>1.000000</td>\n",
       "      <td>0.274308</td>\n",
       "      <td>0.193860</td>\n",
       "      <td>0.383874</td>\n",
       "      <td>0.743007</td>\n",
       "      <td>0.135308</td>\n",
       "      <td>0.424437</td>\n",
       "      <td>0.100436</td>\n",
       "      <td>0.100436</td>\n",
       "    </tr>\n",
       "    <tr>\n",
       "      <th>Memory</th>\n",
       "      <td>0.042310</td>\n",
       "      <td>0.184912</td>\n",
       "      <td>0.153636</td>\n",
       "      <td>0.274308</td>\n",
       "      <td>1.000000</td>\n",
       "      <td>0.242180</td>\n",
       "      <td>0.316257</td>\n",
       "      <td>0.155206</td>\n",
       "      <td>0.031206</td>\n",
       "      <td>0.083881</td>\n",
       "      <td>0.153636</td>\n",
       "      <td>0.153636</td>\n",
       "    </tr>\n",
       "    <tr>\n",
       "      <th>Gpu</th>\n",
       "      <td>-0.010830</td>\n",
       "      <td>0.245787</td>\n",
       "      <td>0.412741</td>\n",
       "      <td>0.193860</td>\n",
       "      <td>0.242180</td>\n",
       "      <td>1.000000</td>\n",
       "      <td>0.352117</td>\n",
       "      <td>0.139455</td>\n",
       "      <td>0.023287</td>\n",
       "      <td>0.062999</td>\n",
       "      <td>0.412741</td>\n",
       "      <td>0.412741</td>\n",
       "    </tr>\n",
       "    <tr>\n",
       "      <th>Weight</th>\n",
       "      <td>-0.059273</td>\n",
       "      <td>0.321989</td>\n",
       "      <td>0.088627</td>\n",
       "      <td>0.383874</td>\n",
       "      <td>0.316257</td>\n",
       "      <td>0.352117</td>\n",
       "      <td>1.000000</td>\n",
       "      <td>0.210370</td>\n",
       "      <td>-0.117997</td>\n",
       "      <td>-0.053846</td>\n",
       "      <td>0.088627</td>\n",
       "      <td>0.088627</td>\n",
       "    </tr>\n",
       "    <tr>\n",
       "      <th>Price_euros</th>\n",
       "      <td>0.149303</td>\n",
       "      <td>0.292191</td>\n",
       "      <td>0.125323</td>\n",
       "      <td>0.743007</td>\n",
       "      <td>0.155206</td>\n",
       "      <td>0.139455</td>\n",
       "      <td>0.210370</td>\n",
       "      <td>1.000000</td>\n",
       "      <td>0.189134</td>\n",
       "      <td>0.552809</td>\n",
       "      <td>0.125323</td>\n",
       "      <td>0.125323</td>\n",
       "    </tr>\n",
       "    <tr>\n",
       "      <th>Resolution_Width</th>\n",
       "      <td>0.100288</td>\n",
       "      <td>0.169834</td>\n",
       "      <td>0.121386</td>\n",
       "      <td>0.135308</td>\n",
       "      <td>0.031206</td>\n",
       "      <td>0.023287</td>\n",
       "      <td>-0.117997</td>\n",
       "      <td>0.189134</td>\n",
       "      <td>1.000000</td>\n",
       "      <td>0.462391</td>\n",
       "      <td>0.121386</td>\n",
       "      <td>0.121386</td>\n",
       "    </tr>\n",
       "    <tr>\n",
       "      <th>Resolution_Height</th>\n",
       "      <td>0.090232</td>\n",
       "      <td>0.121772</td>\n",
       "      <td>0.048002</td>\n",
       "      <td>0.424437</td>\n",
       "      <td>0.083881</td>\n",
       "      <td>0.062999</td>\n",
       "      <td>-0.053846</td>\n",
       "      <td>0.552809</td>\n",
       "      <td>0.462391</td>\n",
       "      <td>1.000000</td>\n",
       "      <td>0.048002</td>\n",
       "      <td>0.048002</td>\n",
       "    </tr>\n",
       "    <tr>\n",
       "      <th>Cpu_Brand</th>\n",
       "      <td>0.057087</td>\n",
       "      <td>0.136131</td>\n",
       "      <td>1.000000</td>\n",
       "      <td>0.100436</td>\n",
       "      <td>0.153636</td>\n",
       "      <td>0.412741</td>\n",
       "      <td>0.088627</td>\n",
       "      <td>0.125323</td>\n",
       "      <td>0.121386</td>\n",
       "      <td>0.048002</td>\n",
       "      <td>1.000000</td>\n",
       "      <td>1.000000</td>\n",
       "    </tr>\n",
       "    <tr>\n",
       "      <th>Cpu_Speed</th>\n",
       "      <td>0.057087</td>\n",
       "      <td>0.136131</td>\n",
       "      <td>1.000000</td>\n",
       "      <td>0.100436</td>\n",
       "      <td>0.153636</td>\n",
       "      <td>0.412741</td>\n",
       "      <td>0.088627</td>\n",
       "      <td>0.125323</td>\n",
       "      <td>0.121386</td>\n",
       "      <td>0.048002</td>\n",
       "      <td>1.000000</td>\n",
       "      <td>1.000000</td>\n",
       "    </tr>\n",
       "  </tbody>\n",
       "</table>\n",
       "</div>"
      ],
      "text/plain": [
       "                    Company  TypeName       Cpu       Ram    Memory       Gpu  \\\n",
       "Company            1.000000  0.013774  0.057087  0.148862  0.042310 -0.010830   \n",
       "TypeName           0.013774  1.000000  0.136131  0.275225  0.184912  0.245787   \n",
       "Cpu                0.057087  0.136131  1.000000  0.100436  0.153636  0.412741   \n",
       "Ram                0.148862  0.275225  0.100436  1.000000  0.274308  0.193860   \n",
       "Memory             0.042310  0.184912  0.153636  0.274308  1.000000  0.242180   \n",
       "Gpu               -0.010830  0.245787  0.412741  0.193860  0.242180  1.000000   \n",
       "Weight            -0.059273  0.321989  0.088627  0.383874  0.316257  0.352117   \n",
       "Price_euros        0.149303  0.292191  0.125323  0.743007  0.155206  0.139455   \n",
       "Resolution_Width   0.100288  0.169834  0.121386  0.135308  0.031206  0.023287   \n",
       "Resolution_Height  0.090232  0.121772  0.048002  0.424437  0.083881  0.062999   \n",
       "Cpu_Brand          0.057087  0.136131  1.000000  0.100436  0.153636  0.412741   \n",
       "Cpu_Speed          0.057087  0.136131  1.000000  0.100436  0.153636  0.412741   \n",
       "\n",
       "                     Weight  Price_euros  Resolution_Width  Resolution_Height  \\\n",
       "Company           -0.059273     0.149303          0.100288           0.090232   \n",
       "TypeName           0.321989     0.292191          0.169834           0.121772   \n",
       "Cpu                0.088627     0.125323          0.121386           0.048002   \n",
       "Ram                0.383874     0.743007          0.135308           0.424437   \n",
       "Memory             0.316257     0.155206          0.031206           0.083881   \n",
       "Gpu                0.352117     0.139455          0.023287           0.062999   \n",
       "Weight             1.000000     0.210370         -0.117997          -0.053846   \n",
       "Price_euros        0.210370     1.000000          0.189134           0.552809   \n",
       "Resolution_Width  -0.117997     0.189134          1.000000           0.462391   \n",
       "Resolution_Height -0.053846     0.552809          0.462391           1.000000   \n",
       "Cpu_Brand          0.088627     0.125323          0.121386           0.048002   \n",
       "Cpu_Speed          0.088627     0.125323          0.121386           0.048002   \n",
       "\n",
       "                   Cpu_Brand  Cpu_Speed  \n",
       "Company             0.057087   0.057087  \n",
       "TypeName            0.136131   0.136131  \n",
       "Cpu                 1.000000   1.000000  \n",
       "Ram                 0.100436   0.100436  \n",
       "Memory              0.153636   0.153636  \n",
       "Gpu                 0.412741   0.412741  \n",
       "Weight              0.088627   0.088627  \n",
       "Price_euros         0.125323   0.125323  \n",
       "Resolution_Width    0.121386   0.121386  \n",
       "Resolution_Height   0.048002   0.048002  \n",
       "Cpu_Brand           1.000000   1.000000  \n",
       "Cpu_Speed           1.000000   1.000000  "
      ]
     },
     "execution_count": 6,
     "metadata": {},
     "output_type": "execute_result"
    }
   ],
   "source": [
    "df.corr()\n"
   ]
  },
  {
   "cell_type": "code",
   "execution_count": 7,
   "metadata": {},
   "outputs": [
    {
     "name": "stdout",
     "output_type": "stream",
     "text": [
      "(1303, 11) (1303,)\n"
     ]
    }
   ],
   "source": [
    "X = df.drop(labels=\"Price_euros\", axis=1)\n",
    "y = df['Price_euros']\n",
    "print(X.shape, y.shape)"
   ]
  },
  {
   "cell_type": "code",
   "execution_count": 8,
   "metadata": {},
   "outputs": [
    {
     "name": "stdout",
     "output_type": "stream",
     "text": [
      "(391, 11) (912, 11) (391,) (912,)\n"
     ]
    }
   ],
   "source": [
    "x_train, x_test, y_train, y_test = train_test_split(X, y, test_size=0.3, random_state=42)\n",
    "print(x_test.shape, x_train.shape, y_test.shape, y_train.shape)"
   ]
  },
  {
   "cell_type": "code",
   "execution_count": 9,
   "metadata": {},
   "outputs": [
    {
     "name": "stdout",
     "output_type": "stream",
     "text": [
      "Coeff : [  5.61694704  68.75587336   0.51766349  88.07097967  -8.70393021\n",
      "  -0.7660941  -49.63072168  -4.68555542   0.71487346   0.51766349\n",
      "   0.51766349] & intercept : -356.114586708567\n"
     ]
    }
   ],
   "source": [
    "model = LinearRegression()\n",
    "model.fit(x_train, y_train)\n",
    "print(f'Coeff : {model.coef_} & intercept : {model.intercept_}')"
   ]
  },
  {
   "cell_type": "code",
   "execution_count": 10,
   "metadata": {},
   "outputs": [],
   "source": [
    "y_pred = model.predict(x_test)"
   ]
  },
  {
   "cell_type": "code",
   "execution_count": 11,
   "metadata": {},
   "outputs": [
    {
     "name": "stdout",
     "output_type": "stream",
     "text": [
      "MSE : 198521.36134776587 & RMSE : 445.55736033395954 & R2 SCORE : 0.6292645695371757\n"
     ]
    }
   ],
   "source": [
    "mse = mean_squared_error(y_test, y_pred)\n",
    "rmse = root_mean_squared_error(y_test, y_pred)\n",
    "r2Score = r2_score(y_test, y_pred)\n",
    "\n",
    "print(f'MSE : {mse} & RMSE : {rmse} & R2 SCORE : {r2Score}')"
   ]
  }
 ],
 "metadata": {
  "kernelspec": {
   "display_name": "base",
   "language": "python",
   "name": "python3"
  },
  "language_info": {
   "codemirror_mode": {
    "name": "ipython",
    "version": 3
   },
   "file_extension": ".py",
   "mimetype": "text/x-python",
   "name": "python",
   "nbconvert_exporter": "python",
   "pygments_lexer": "ipython3",
   "version": "3.12.4"
  }
 },
 "nbformat": 4,
 "nbformat_minor": 2
}
